20
22
0.0 0.05263158 0.10526316 0.15789474 0.21052632 0.26315789 0.31578947 0.36842105 0.42105263 0.47368421 0.52631579 0.57894737 0.63157895 0.68421053 0.73684211 0.78947368 0.84210526 0.89473684 0.94736842 1.            
0.0 0.33069396 0.66138793 0.99208189 1.32277585 1.65346982 1.98416378 2.31485774 2.64555171 2.97624567 3.30693964 3.6376336 3.96832756 4.29902153 4.62971549 4.96040945 5.29110342 5.62179738 5.95249134 6.28318531
4.704344810430879158e-67 6.355681703434063016e-67 8.307693922799962130e-67 1.019594735831747947e-66 1.147989095470514344e-66 1.171447878070901523e-66 1.081834036548845093e-66 9.135006570897627785e-67 7.190475363485873390e-67 5.401899969364306833e-67 3.988905237002608084e-67 2.988498639976678691e-67 2.342806978242261346e-67 1.977363234061695839e-67 1.833011143485479448e-67 1.883254028933517106e-67 2.140542559631669459e-67 2.647585994036196423e-67 3.476827977898776819e-67 4.704344810430879158e-67
2.293651256655647064e+00 2.440678058098415537e+00 2.577456265391703916e+00 2.686109637384332505e+00 2.751542778947471568e+00 2.764437502541149616e+00 2.723169253945936230e+00 2.633881844658201743e+00 2.509213226535176311e+00 2.365867338891399552e+00 2.221400755992259501e+00 2.091383086176551220e+00 1.987608480084217311e+00 1.918207693683555259e+00 1.887300986543259729e+00 1.897129927776412872e+00 1.947249458138995193e+00 2.034808888537277927e+00 2.153637747176928130e+00 2.293641751172717846e+00
1.108861781682845589e+02 1.185606248118963038e+02 1.257058581417556553e+02 1.314051025646646451e+02 1.348657087676630226e+02 1.355901366657614631e+02 1.334725458623348402e+02 1.288211239798802978e+02 1.223026363241584988e+02 1.147955229012483613e+02 1.072045031886027573e+02 1.003982472728706483e+02 9.473515832636735468e+01 9.109185989628458913e+01 8.944663992995947410e+01 8.997345492767880160e+01 9.292443966691023149e+01 9.726461087907154024e+01 1.035297574725873204e+02 1.108862257079792784e+02
4.726682950297092134e+02 5.118621690521518417e+02 5.483966478958395783e+02 5.776972649826174120e+02 5.952617276852830628e+02 5.989843256765066144e+02 5.881284033710544463e+02 5.643086988202327348e+02 5.307110716372596926e+02 4.921371065557974589e+02 4.533700182122750562e+02 4.183729452371471780e+02 3.905367557223003132e+02 3.719236054469347437e+02 3.637648338593206745e+02 3.665472597859300663e+02 3.801100993130907568e+02 4.036038781437101193e+02 4.353456248810265379e+02 4.726684603862836980e+02
1.054622400684201693e+03 1.158426475429993616e+03 1.255550707471350734e+03 1.333466129414394800e+03 1.381042281278821520e+03 1.391226502492122563e+03 1.362341274652234688e+03 1.298496650959969202e+03 1.209038891137278142e+03 1.106169756026763253e+03 1.003365628983551915e+03 9.112876533073289238e+02 8.383833257657142894e+02 7.899523988291665546e+02 7.687197783998041132e+02 7.760428705460410583e+02 8.116225839501487371e+02 8.730028837549128866e+02 9.562815575111469570e+02 1.054622377124747345e+03
1.763700469008383834e+03 1.966835221593489905e+03 2.158329574233262065e+03 2.312719635264423687e+03 2.407611390112097524e+03 2.428049341147874202e+03 2.370629390474288357e+03 2.243834685431237176e+03 2.066899259617504867e+03 1.864962340487565598e+03 1.663790236424062186e+03 1.484822689946158107e+03 1.344440253019449528e+03 1.251819375121626763e+03 1.212103153416523810e+03 1.226046138574130282e+03 1.293319734525834292e+03 1.411160527615966885e+03 1.571889169918404605e+03 1.763700039618395522e+03
2.505996844240930841e+03 2.840515531395624748e+03 3.157818788037414379e+03 3.415877862449805889e+03 3.573209304237822835e+03 3.607500393325025470e+03 3.511330644752560602e+03 3.299529293655141828e+03 3.005826930280332817e+03 2.672177481211315808e+03 2.342733468208018621e+03 2.051706901082719014e+03 1.825715534744193519e+03 1.677343340537800259e+03 1.613423327286763424e+03 1.635604068242369294e+03 1.743275321066633524e+03 1.932549582530872385e+03 2.193267342710084449e+03 2.505996844240930841e+03
3.206455293632883695e+03 3.698508445192748241e+03 4.166916469552476883e+03 4.548666702288159286e+03 4.785401539434482402e+03 4.834789963580597032e+03 4.691247731919427679e+03 4.376584738012725211e+03 3.940741338864015688e+03 3.448556743547329916e+03 2.966624708180441303e+03 2.545769002264835308e+03 2.221435090046933055e+03 2.010058745595077653e+03 1.920513673961068662e+03 1.951359947581458755e+03 2.103631736880518929e+03 2.373871860602404922e+03 2.750225511676320821e+03 3.206455466198344766e+03
3.799351028261244664e+03 4.465278718526629746e+03 5.105385045323789200e+03 5.627328258455418108e+03 5.949639928200496797e+03 6.018404576449107481e+03 5.821212778346871346e+03 5.390172154573667285e+03 4.794787430646424582e+03 4.126785196253523281e+03 3.477214305262012203e+03 2.917192454450382229e+03 2.490454237016864681e+03 2.216256462787252985e+03 2.099028887606391436e+03 2.138639037247070974e+03 2.335750698199909948e+03 2.689330495376706494e+03 3.187913616240053670e+03 3.799351028261244664e+03
4.231695222375647063e+03 5.075273548081177978e+03 5.891775124938109002e+03 6.561108018758794060e+03 6.974867428785988523e+03 7.062626394753223394e+03 6.808432040305010560e+03 6.254413497377780914e+03 5.493323517317968253e+03 4.643969508413873882e+03 3.827751869399992302e+03 3.131863213842218101e+03 2.608513409184872216e+03 2.276893215814226551e+03 2.135518892652603881e+03 2.182542820744029086e+03 2.419518384785972103e+03 2.850022553451183285e+03 3.465967015122339944e+03 4.231694639476389057e+03
4.455831494963204932e+03 5.464507249508602399e+03 6.450618112418794226e+03 7.263737003050373460e+03 7.767118123476886467e+03 7.873110264294668923e+03 7.562293763506645519e+03 6.887630402238768511e+03 5.965853911206151679e+03 4.947612648498846283e+03 3.978395239460161520e+03 3.165376363569027490e+03 2.564481016920079583e+03 2.188802289240905338e+03 2.030688425893150452e+03 2.082543622541528293e+03 2.348437968827277018e+03 2.838895154056961928e+03 3.553013801700511067e+03 4.455832147382832773e+03
4.430757696414522798e+03 5.570692631758633979e+03 6.698994073743127956e+03 7.637768871777180721e+03 8.217178271527736797e+03 8.338601664890295069e+03 7.977139215325929399e+03 7.197841261870005837e+03 6.139461732399845459e+03 4.982989347697180165e+03 3.898635499242346668e+03 3.007003148622357457e+03 2.360562074528718313e+03 1.963922570863672490e+03 1.798716698508178069e+03 1.852202360311332541e+03 2.129322643936875465e+03 2.651780157526566200e+03 3.428573198815405703e+03 4.430756916200432897e+03
4.128015699971272625e+03 5.339445371657230680e+03 6.557220177625661563e+03 7.577463590595480127e+03 8.213284171783636339e+03 8.346251590809994013e+03 7.947799239294590734e+03 7.096012924680117067e+03 5.949337983451233413e+03 4.712280250273793172e+03 3.572518427770083235e+03 2.657284326496348967e+03 2.010421452857327040e+03 1.622541646140511830e+03 1.463324271475355999e+03 1.514227246588140588e+03 1.782842468639828894e+03 2.297586934534829197e+03 3.084571004161703058e+03 4.128015699971272625e+03
3.535712347670310919e+03 4.729916750672801754e+03 5.953290165905620597e+03 6.991657254251265840e+03 7.642726642916734818e+03 7.777116531632000260e+03 7.368539323828474153e+03 6.498580876255853582e+03 5.340122490238295541e+03 4.108946967147749092e+03 3.002270114771140925e+03 2.136428589581759297e+03 1.544765686787451614e+03 1.201366680017424869e+03 1.063536196377624947e+03 1.107176535882425014e+03 1.342049978928605469e+03 1.804416746964826416e+03 2.535252454723944084e+03 3.535713877304600828e+03
2.686214953112762487e+03 3.744841120897302517e+03 4.859202394561229085e+03 5.823058358754637993e+03 6.432655924703823075e+03 6.558825614440605023e+03 6.175805504899807602e+03 5.365637717093126412e+03 4.299433747210585352e+03 3.192223594984251577e+03 2.225406468498680169e+03 1.499706978454647469e+03 1.025807760822588534e+03 7.613313931788327409e+02 6.577599202988159277e+02 6.900055713752229849e+02 8.674284123928529198e+02 1.230378854213440263e+03 1.830320999052599745e+03 2.686215536712263656e+03
1.687118458981547064e+03 2.484962921619947338e+03 3.356727801213865860e+03 4.129989050220067838e+03 4.627204963690734075e+03 4.730817769000435874e+03 4.417513667141663973e+03 3.761033184475228609e+03 2.914661813944639562e+03 2.062842027900584071e+03 1.352908830718505897e+03 8.482048233310885053e+02 5.364147537693627328e+02 3.718303411601939388e+02 3.099980699124507169e+02 3.287862456983887114e+02 4.356460084394686305e+02 6.681714304607365875e+02 1.073388066537831492e+03 1.687117034185798275e+03
7.406778898903609161e+02 1.188589659954533545e+03 1.708259191297890766e+03 2.190586864145792333e+03 2.509700478551872493e+03 2.576926497198670404e+03 2.373665512913994917e+03 1.956606546578627558e+03 1.440002315441236533e+03 9.485120059857492834e+02 5.647568055941072771e+02 3.142006954573050734e+02 1.737964674014087336e+02 1.065292872759020355e+02 8.319636325274224475e+01 8.996769460443681510e+01 1.313528301187712657e+02 2.303888028489908777e+02 4.213648273408004457e+02 7.406788481105639903e+02
1.295146266856728232e+02 2.528195524179222957e+02 4.153999991313789906e+02 5.793069628800623150e+02 6.943716775596329853e+02 7.191696715473389077e+02 6.444219379094024589e+02 4.981051323134786344e+02 3.293510681863188552e+02 1.844946778508478076e+02 8.760063410242132420e+01 3.632769576709939940e+01 1.448093365752433215e+01 6.656413531085596524e+00 4.448657306968536673e+00 5.053650126123804931e+00 9.291246198225891817e+00 2.238783661840328065e+01 5.654784462583381810e+01 1.295149443795026798e+02
2.138092183569269000e-01 1.102630818434084503e+00 3.433950699679266361e+00 7.051949050599723989e+00 1.025501697560933856e+01 1.098762267655481928e+01 8.744290532766083146e+00 5.067347409007656900e+00 2.023257263170328724e+00 5.158079460880777845e-01 7.731166781697344781e-02 6.718991042617982606e-03 4.179888044158678977e-04 3.384566153403918947e-05 8.657666092262293446e-06 1.333987948707302841e-05 1.010965306413874344e-04 1.597028919620956545e-03 2.352996640890208518e-02 2.138092183569269000e-01
0.000000000000000000e+00 0.000000000000000000e+00 0.000000000000000000e+00 0.000000000000000000e+00 0.000000000000000000e+00 0.000000000000000000e+00 0.000000000000000000e+00 0.000000000000000000e+00 0.000000000000000000e+00 0.000000000000000000e+00 0.000000000000000000e+00 0.000000000000000000e+00 0.000000000000000000e+00 0.000000000000000000e+00 0.000000000000000000e+00 0.000000000000000000e+00 0.000000000000000000e+00 0.000000000000000000e+00 0.000000000000000000e+00 0.000000000000000000e+00
